results = [
0 2 80 5.8077e-07
1 2 80 5.8167e-07
2 1 32 5.4437e-07
] ; resid = 0 ;
lnz = 5 ;
t = 1.7357e-07 ;   % dense solve time
